#SeaDAS Color Palette Definition File
#Sat May 08 15:48:44 EDT 2021
numPoints=39
autoDistribute=false
isLogScaled=false
color0=235,255,115
color1=235,255,115
color2=230,255,115
color3=230,246,115
color4=225,246,115
color5=220,246,115
color6=220,246,115
color7=215,246,80
color8=215,246,80
color9=210,248,50
color10=210,248,50
color11=205,253,30
color12=205,253,30
color13=185,255,18
color14=185,255,18
color15=160,255,10
color16=160,255,10
color17=134,255,6
color18=134,255,6
color19=109,255,4
color20=109,255,4
color21=85,254,2
color22=85,254,2
color23=62,251,1
color24=62,251,1
color25=39,246,0
color26=39,246,0
color27=8,220,0
color28=8,220,0
color29=3,209,0
color30=3,209,0
color31=0,200,0
color32=0,196,0
color33=0,172,0
color34=0,160,0
color35=0,140,0
color36=0,130,0
color37=0,110,0
color38=0,100,0
sample0=0.0
sample1=0.005263157894736842
sample2=0.010526315789473684
sample3=0.015789473684210527
sample4=0.021052631578947368
sample5=0.02631578947368421
sample6=0.031578947368421054
sample7=0.03684210526315789
sample8=0.042105263157894736
sample9=0.04736842105263158
sample10=0.05263157894736842
sample11=0.05789473684210526
sample12=0.06315789473684211
sample13=0.06842105263157895
sample14=0.07368421052631578
sample15=0.07894736842105263
sample16=0.08421052631578947
sample17=0.08947368421052632
sample18=0.09473684210526316
sample19=0.09999999999999999
sample20=0.10526315789473684
sample21=0.11052631578947368
sample22=0.11578947368421053
sample23=0.12105263157894737
sample24=0.12631578947368421
sample25=0.13157894736842105
sample26=0.1368421052631579
sample27=0.14210526315789473
sample28=0.14736842105263157
sample29=0.15263157894736842
sample30=0.15789473684210525
sample31=0.1631578947368421
sample32=0.16842105263157894
sample33=0.17368421052631577
sample34=0.17894736842105263
sample35=0.18421052631578946
sample36=0.18947368421052632
sample37=0.19473684210526315
sample38=0.19999999999999998
