#SeaDAS Color Palette Definition File
#Sat May 08 15:49:08 EDT 2021
isLogScaled=false
numPoints=25
autoDistribute=false
color0=230,249,255
color1=214,240,255
color2=197,231,254
color3=181,222,253
color4=165,212,252
color5=148,203,251
color6=132,194,250
color7=115,185,249
color8=99,175,248
color9=82,166,247
color10=66,157,246
color11=49,148,245
color12=33,138,244
color13=16,129,243
color14=0,120,242
color15=0,112,223
color16=0,103,204
color17=0,95,185
color18=0,87,167
color19=0,78,149
color20=0,70,131
color21=0,62,113
color22=0,53,95
color23=0,44,77
color24=0,35,59
sample0=0.0
sample1=0.014583333333333332
sample2=0.029166666666666664
sample3=0.04375
sample4=0.05833333333333333
sample5=0.07291666666666663
sample6=0.0875
sample7=0.10208333333333332
sample8=0.11666666666666665
sample9=0.13124999999999998
sample10=0.14583333333333326
sample11=0.16041666666666665
sample12=0.175
sample13=0.1895833333333333
sample14=0.20416666666666664
sample15=0.21875
sample16=0.2333333333333333
sample17=0.24791666666666667
sample18=0.26249999999999996
sample19=0.27708333333333335
sample20=0.2916666666666665
sample21=0.30625
sample22=0.3208333333333333
sample23=0.33541666666666664
sample24=0.35
